411653 94292
68951 478494
236897 265343
265343 236897
472765 236897
153184 172503
424919 172503
469074 48638
480433 48638
220748 42974
42974 220748
491768 105110
291610 105110
105110 491768
67371 78848
120884 390297
212405 390297
355494 325446
29203 349384
20195 349384
444150 349384
285340 349384
5039 246337
325446 21728
530653 21728
265598 21728
355494 21728
216323 354795
45094 96553
96553 45094
342416 49527
445728 363808
267451 30639
287962 20466
172503 153184
265468 153184
88060 153184
401507 153184
424919 153184
353676 153184
443284 153184
33304 153184
95210 153184
124568 17994
374639 17994
48316 17994
535849 17994
367733 17994
367733 124568
83582 30695
468264 30695
84492 225301
572 225301
87559 315493
83582 54800
488883 337679
209067 337679
97692 337679
530653 337679
35109 337679
531651 337679
108364 337679
108187 337679
13198 337679
25341 337679
65731 337679
117196 62210
30695 83582
54800 83582
178132 144372
25341 144372
458306 144372
30639 267451
324938 267451
337679 209067
178132 209067
214842 209067
197455 209067
42974 334110
220748 334110
61751 334110
397309 334110
97533 334110
429060 334110
100805 61718
313421 178132
334110 61751
397309 61751
420909 61751
97533 61751
429060 61751
478494 68951
514999 68951
281633 68951
68951 514999
178948 196224
496408 196224
32865 196224
270504 420909
61751 420909
483960 420909
23117 420909
511354 420909
232354 103588
176612 103588
385251 103588
27798 444
469665 444
466511 444
391868 444
466511 27798
391868 27798
444 469665
27798 469665
466511 469665
391868 469665
444 466511
469665 466511
97533 232354
103588 174004
337306 174004
176612 174004
232354 97533
172503 88060
153184 88060
349384 97692
337679 97692
144372 97692
209067 97692
29203 97692
35109 97692
512107 97692
531651 97692
572 97692
444150 97692
52604 97692
313421 97692
108187 97692
197455 97692
285340 97692
174004 337306
176612 337306
385251 337306
174004 176612
337306 176612
385251 176612
17994 374639
486575 72730
61718 100805
349384 29203
512107 29203
531651 29203
444150 29203
52604 29203
285340 29203
477749 379170
48316 379170
535849 379170
78743 379170
378126 530653
483587 8890
44660 385251
315493 87559
221687 87559
345501 217700
403898 217700
401615 217700
31222 217700
21728 265598
252406 504805
385956 120884
513073 371407
390297 385956
120884 385956
514247 385956
212405 385956
82565 385956
305482 385956
186276 162376
332672 162623
162623 332672
162376 186276
108183 295
372594 295
419897 295
436582 295
308326 531711
511421 364693
386028 364693
364693 386028
525005 427992
78107 258098
287962 169274
413685 243218
34372 401507
477897 401507
265343 178948
196224 178948
146282 178948
496408 178948
32865 178948
497096 178948
472765 178948
488883 35109
337679 35109
171310 35109
97692 35109
29203 35109
531651 35109
108364 35109
444150 35109
52604 35109
53800 35109
108187 35109
359908 477749
88811 524826
524826 88811
531711 308326
243218 413685
400040 213764
424265 213764
521456 213764
424487 213764
520911 213764
146566 213764
514049 213764
83952 213764
424265 400040
521456 400040
424487 400040
520911 400040
146566 400040
514049 400040
83952 400040
400040 424265
424487 424265
520911 424265
514049 424265
213764 521456
146566 521456
68631 352139
213764 138859
213764 424487
400040 424487
424265 424487
521456 424487
520911 424487
146566 424487
83952 424487
295 526187
372594 526187
419897 526187
79373 526187
173516 526187
349384 512107
572 512107
285340 512107
72730 486575
186748 486575
252489 186748
72730 186748
486575 186748
39939 186748
522643 186748
72730 39939
522643 39939
76351 39939
72730 522643
486575 522643
186748 522643
39939 522643
166496 522643
76351 522643
20466 287962
169274 287962
522643 287962
488883 531651
337679 531651
209067 531651
171310 531651
97692 531651
35109 531651
52604 531651
53800 531651
108187 531651
13198 531651
25341 531651
475628 531651
360800 20235
485013 449678
20235 360800
231776 160532
221466 160532
490370 160532
476821 160532
224390 160532
343614 160532
160532 231776
221466 231776
490370 231776
160532 221466
231776 221466
490370 221466
476821 221466
160532 490370
231776 490370
221466 490370
17994 48316
379170 48316
535849 48316
367733 48316
78743 48316
53800 108364
160532 476821
224390 476821
384033 476821
343614 476821
53308 476821
476821 224390
384033 224390
343614 224390
349384 444150
97692 444150
29203 444150
512107 444150
52604 444150
285340 444150
349384 52604
488883 52604
337679 52604
29203 52604
35109 52604
531651 52604
108364 52604
444150 52604
371407 513073
397309 262525
429060 262525
87559 221687
368810 29673
509470 292695
184364 292695
134411 292695
371675 292695
292695 509470
184364 509470
134411 509470
371675 509470
236432 440401
87496 210333
297890 210333
210333 87496
210333 297890
49527 342416
144372 313421
178132 313421
265598 313421
197455 313421
458306 313421
440401 236432
297366 110480
156448 53800
108364 53800
520302 253283
167549 253283
253283 520302
167549 520302
253283 167549
520302 167549
400040 520911
424265 520911
521456 520911
424487 520911
514049 520911
83952 520911
366503 130716
478239 130716
130716 366503
478239 366503
172503 424919
153184 424919
30695 424919
353676 424919
130716 478239
366503 478239
91675 316167
27798 391868
469665 391868
466511 391868
224390 343614
108183 372594
295 372594
526187 372594
419897 372594
173516 372594
436582 372594
295 419897
526187 419897
372594 419897
190262 70044
133216 70044
514247 216483
297025 216483
70044 190262
477749 359908
410011 359908
59821 359908
61601 359908
274387 69628
17994 535849
48316 535849
352139 68631
217700 345501
401507 27885
34372 27885
53308 27885
476821 53308
224390 53308
27885 53308
106165 53308
53308 106165
483587 133216
342416 17191
265598 38946
325446 355494
21728 355494
262525 429060
225301 423660
65731 498608
214842 498608
488883 65731
498608 65731
214842 65731
217520 432880
498608 214842
65731 214842
325446 197455
21728 197455
144372 197455
209067 197455
178132 197455
97692 197455
265598 197455
297824 197455
313421 197455
38946 197455
355494 197455
25341 197455
498608 197455
214842 197455
246223 197455
458306 197455
48638 480433
512107 285340
572 285340
355494 285340
246337 5039
526187 173516
79373 173516
172503 353676
153184 353676
424919 353676
443284 353676
271368 241221
62210 117196
196224 331451
178948 331451
241268 331451
74288 331451
32865 331451
497096 331451
331451 241268
74288 241268
331451 74288
241268 74288
265343 496408
196224 496408
178948 496408
331451 496408
146282 496408
32865 496408
497096 496408
472765 496408
241221 271368
493335 541142
326890 541142
469209 541142
79160 541142
491413 541142
208418 541142
218087 541142
184856 541142
353676 443284
8890 483587
133216 483587
483960 511709
437845 262966
94292 411653
245865 25602
336235 132946
312435 132946
245167 132946
132946 336235
312435 336235
245167 336235
132946 312435
336235 312435
359908 410011
59821 410011
61601 410011
385956 514247
216483 514247
212405 514247
390297 212405
120884 212405
385956 212405
514247 212405
305482 212405
196224 32865
178948 32865
496408 32865
497096 32865
472765 32865
39939 76351
292695 184364
509470 184364
134411 184364
371675 184364
531751 250156
193040 441419
194157 193040
441419 193040
58663 59821
61601 59821
415305 112822
540752 355198
141435 355198
20771 355198
540933 355198
297722 116802
182411 116802
401615 403898
31222 403898
539734 273044
267500 273044
525005 461680
179502 100533
530902 100533
118155 481282
427992 525005
461680 525005
481282 118155
183897 225066
538676 210313
539367 538785
538546 538785
168417 272217
539690 272217
3987 201386
214427 542519
539689 542519
538821 542519
256895 162082
540367 162082
313852 136938
519675 136938
285552 136938
164740 136938
136938 313852
519675 313852
285552 313852
164740 313852
519715 48023
540230 540153
539964 540153
516279 540153
540153 540230
542414 540230
539964 540230
171675 541064
342211 344308
373036 231735
534553 262852
75113 373036
231735 373036
456008 373036
530075 373036
513131 22933
22933 513131
432998 296198
44444 4165
4165 44444
172503 33304
30695 33304
424919 33304
353676 33304
443284 33304
359908 61601
410011 61601
59821 61601
540975 238936
538785 539367
415305 539367
447339 539367
82836 539367
48611 539367
141133 539147
512621 539147
539966 539147
281278 539147
59560 539147
137041 88413
54065 88413
541365 137041
88413 137041
542090 137041
51746 141141
539966 141141
73768 274142
538769 239322
95554 73437
294109 20
540153 542414
540230 542414
73437 542414
539964 542414
95554 542414
75527 426430
107899 420860
260365 420860
38361 16854
422879 328560
110487 328560
260365 328560
33817 328560
312068 128602
135171 128602
241213 128602
51746 140676
340863 140676
539263 541047
381095 12274
541914 12274
198466 12274
423769 12274
1299 12274
136432 12274
529269 12274
262229 12274
312068 135171
128602 135171
241213 135171
72062 538613
86167 538613
7082 538613
510961 538613
241217 538613
29673 368810
167836 331794
273044 540409
111494 540409
52374 540409
539257 540409
539854 540409
419575 540409
340252 540409
203595 541358
485290 185121
269643 105849
196224 497096
178948 497096
146282 497096
496408 497096
32865 497096
316167 91675
354795 216323
144372 458306
132946 245167
336235 245167
509470 134411
184364 134411
173681 49556
102487 49556
49556 173681
102487 173681
219570 453172
216483 297025
363808 445728
21656 486372
66540 486372
360539 486372
149060 486372
360539 21656
486372 66540
360539 66540
149060 66540
415251 66540
314180 338030
17994 367733
124568 367733
48316 367733
305482 82565
100533 179502
431316 179502
530902 179502
80606 480637
379170 78743
223760 507317
164312 507317
493857 19952
19952 493857
293176 193288
393106 193288
281633 219570
111591 201516
63986 201516
150174 201516
193288 293176
246337 393106
193288 393106
293176 393106
105849 269643
332605 201914
293344 190260
190260 293344
324607 143400
478164 143400
211321 143400
435798 143400
430126 143400
83 338192
318124 136993
136993 318124
504805 252406
49556 102487
173681 102487
342953 358476
6797 358476
179502 431316
530902 431316
399592 431316
100533 530902
179502 530902
431316 530902
539746 266316
446648 61060
470475 61060
141252 61060
374104 61060
165639 61060
61060 446648
470475 446648
141252 446648
374104 446648
165639 446648
432880 217520
27854 247833
292695 371675
272038 174420
89571 174420
174420 89571
338030 314180
61060 470475
446648 470475
141252 470475
374104 470475
165639 470475
61060 141252
446648 141252
470475 141252
374104 141252
165639 141252
470475 374104
141252 374104
470475 165639
141252 165639
113220 520497
520497 113220
420056 77548
27353 91443
161024 91443
201516 111591
34780 86749
311554 257171
440768 190050
75527 190050
55147 190050
190050 440768
75527 440768
55147 440768
73353 359934
344308 263166
342211 263166
537667 263166
394502 179851
190050 75527
440768 75527
439133 532871
433692 28013
241931 28013
274052 315691
536695 315691
315691 274052
412002 481199
363361 481199
112212 481199
440587 481199
480833 189454
459725 343550
92686 510545
510545 92686
53244 498713
403898 31222
401615 31222
313436 462332
82565 305482
162513 365817
343919 519683
519683 343919
11731 420056
365817 162513
179851 394502
1680 430382
287328 55147
91443 27353
161024 27353
522071 514108
18914 514108
36683 198185
153779 198185
4589 392787
338724 392787
206494 392787
493335 326890
469209 326890
108983 326890
491413 326890
393968 326890
493335 469209
541142 469209
64449 469209
326890 469209
108983 469209
491413 469209
373368 469209
393968 469209
297139 467468
274387 138157
91443 161024
27353 161024
359934 73353
28013 241931
392787 4589
338724 4589
206494 4589
77548 433974
233148 433974
393968 108983
510545 330960
92686 330960
150174 330960
198185 36683
153779 36683
28008 36683
198185 153779
36683 153779
136938 519675
285552 519675
262852 534553
337178 46180
408175 46180
46180 337178
408175 337178
66129 28008
415251 370345
187087 522860
28008 66129
180302 297961
143400 478164
435798 478164
142020 478164
430126 478164
178833 65345
526809 65345
65345 178833
526809 178833
296093 364269
365845 122630
136938 285552
313852 285552
519675 285552
493335 491413
326890 491413
222073 491413
373368 491413
403392 456899
480800 456899
403392 480800
456899 480800
95441 527726
271038 527726
345354 381095
454037 381095
373368 222073
364269 296093
471806 37234
506278 60525
406245 381245
166207 429595
222073 373368
393968 373368
432281 180302
342555 3870
112222 3870
22463 533049
95441 271038
512262 271038
527726 271038
178833 461137
526809 461137
168400 461137
7578 111461
65345 526809
178833 526809
461137 526809
40028 400510
67957 506837
420095 506837
67957 108721
506837 108721
420095 108721
506837 420095
108721 420095
180302 432281
272217 539690
9095 539690
539147 213146
59560 213146
352341 4631
490267 541336
523874 541336
273044 539734
111494 539734
233148 539734
398931 96529
463542 96529
485290 96529
178396 96529
273273 96529
541902 96529
135011 96529
113827 96529
20771 540752
540933 540752
247833 27854
420860 422879
328560 422879
107899 422879
110487 422879
344598 422879
260365 422879
420860 107899
422879 107899
344598 107899
372908 538640
188833 538640
139989 538640
128602 541281
541371 541281
510545 150987
338680 150987
370635 150987
330960 150987
541281 150987
51791 150987
540248 150987
243066 150987
539088 150987
265550 150987
480146 116030
539872 116030
178718 116030
327275 188833
372908 188833
538640 188833
239251 542314
70526 542314
111255 542314
139837 542314
541406 542314
213826 542314
538249 542314
529269 542314
262229 542314
42374 542314
381490 340967
105918 340967
86749 34780
139837 541406
333341 273273
247731 273273
319311 273273
96529 273273
274842 273273
480014 273273
542075 273273
541902 273273
54049 273273
25224 273273
96093 273273
465290 273273
135011 273273
177510 526584
526584 177510
415305 51791
370635 51791
539088 51791
12325 139989
327275 139989
538640 139989
160009 139989
323246 139989
180050 541266
538332 186500
539291 186500
108016 186500
168417 9095
539690 9095
271889 267893
126950 3781
328560 110487
33817 110487
333341 539604
247731 539604
148772 539604
62957 539604
480146 539604
182465 539604
274842 539604
542075 539604
54049 539604
539872 539604
101049 539604
3870 342555
27008 140534
43746 140534
88413 542090
137041 542090
210141 188843
60289 224142
67371 141435
180493 43712
328268 328263
379650 328263
259393 328263
328263 328268
379650 328268
259393 328268
88319 400517
344370 323348
459790 323348
396239 323348
161019 323348
58049 323348
325856 323348
77584 323348
126780 323348
415283 323348
454666 323348
374343 323348
136388 323348
106594 323348
464632 323348
467465 323348
526002 323348
323348 323393
471659 101036
479131 101036
39818 101036
305265 101036
101036 471659
39818 471659
247182 320474
467951 320474
91338 320474
459790 344370
71299 344370
136388 344370
265933 86559
40960 86559
71864 50185
340320 50185
344370 459790
278336 459790
493331 493324
86559 493331
493324 493331
186275 493331
181053 493331
40960 493331
285039 110165
530122 110165
320474 247182
467951 247182
91338 247182
106370 313496
159979 296593
265933 296593
45157 360108
445090 3471
237071 3471
62289 3471
325856 3471
126780 3471
131957 3471
161586 3471
424866 3471
45623 3471
108983 393968
120471 523886
101036 479131
471659 479131
39818 479131
29630 479131
305265 479131
101036 39818
479131 39818
29630 39818
459259 426608
534647 175934
287128 175934
159674 37876
445090 62289
369910 62289
3471 62289
527073 62289
424866 62289
45623 62289
29630 523686
71299 405677
71301 405677
214204 199274
58049 269830
177975 269830
424652 269830
467465 269830
108797 467155
374343 467155
43697 396239
323348 396239
323393 396239
161019 396239
325856 396239
454666 396239
459259 396239
396239 161019
325856 161019
177975 58049
467465 58049
275657 530768
530768 275657
32482 147300
147305 147300
368166 147300
123095 147300
347994 147300
147300 32482
147305 32482
368166 32482
123095 32482
347994 32482
430753 32482
147300 147305
32482 147305
368166 147305
123095 147305
347994 147305
430753 147305
430741 147305
147300 368166
32482 368166
147305 368166
123095 368166
347994 368166
368114 147294
147294 368114
147300 123095
32482 123095
147305 123095
368166 123095
347994 123095
147300 347994
32482 347994
147305 347994
368166 347994
123095 347994
126630 253593
325856 182665
467155 108797
374343 108797
296104 108802
258074 108802
379328 108805
194187 108805
182665 325856
207218 140588
349965 116315
101990 101989
44792 101989
1533 101989
101989 101990
44792 101990
1533 101990
344370 77584
136388 77584
177128 106370
484255 215328
265969 215328
33340 215328
201000 344141
321900 344141
116315 276647
168213 276647
349965 276647
215328 484255
33340 484255
101989 44792
101990 44792
1533 44792
6469 440489
541064 171675
426608 126780
77584 126780
415283 126780
454666 126780
136388 126780
424866 126780
513608 222367
103903 222367
98780 283489
283489 98780
222367 513608
103903 513608
43712 180493
377872 522574
448526 522574
136385 416698
58251 416698
65079 462885
346186 462885
264609 462885
323348 415283
323393 415283
426608 415283
396239 415283
161019 415283
77584 415283
126780 415283
136388 415283
344381 71864
50185 71864
361047 71864
386749 71864
219716 430741
250597 430741
153944 430741
430741 430780
454662 430780
528742 430780
219716 430780
250598 430780
250597 430780
396239 454666
161019 454666
430780 454662
528742 454662
250598 454662
430780 528742
454662 528742
361528 361523
361523 361528
361523 361532
361528 361532
361533 361532
361537 361532
361535 361532
385042 361532
385039 361532
451264 361532
521011 361532
361528 361533
361532 361533
361537 361533
361535 361533
385042 361533
385039 361533
451264 361533
521011 361533
361532 361537
361533 361537
361535 361537
385042 361537
451264 361537
177677 361537
201003 361537
53841 361537
521011 361537
361532 361535
361533 361535
361537 361535
385042 361535
385039 361535
451264 361535
177677 361535
201003 361535
361532 385042
361533 385042
361537 385042
361535 385042
385039 385042
451264 385042
177677 385042
201003 385042
5713 385042
53841 385042
432161 408599
5713 408599
361528 451264
361532 451264
361533 451264
361537 451264
361535 451264
385042 451264
385039 451264
462885 65079
346186 65079
264609 65079
222367 103903
513608 103903
201003 177677
177677 201003
344141 201000
490276 201000
175934 534647
236941 534647
287128 534647
345609 186355
171872 161498
280582 161498
221095 161498
24625 267036
392105 267036
161498 171872
280582 171872
221095 171872
81397 447189
432134 447189
516364 447189
317209 315468
447189 81397
432134 81397
516364 81397
256692 49154
144984 49154
340320 186275
324957 535601
38676 535601
405677 71299
71301 71299
405677 71301
71299 71301
195571 265995
120294 265969
265995 195571
421411 136701
493331 181053
60954 136385
39818 29630
523686 29630
442393 442394
534739 442393
517321 442393
370870 442393
442394 442393
44556 191738
344308 342211
110165 285039
530122 285039
322457 278336
108802 296104
387078 296104
258074 296104
457756 296104
408599 5713
432161 5713
447189 432134
81397 432134
516364 432134
110165 530122
481199 363361
112212 363361
46166 115655
84710 115655
17653 115655
430741 219716
250598 219716
250597 219716
153944 219716
184815 219716
369910 527073
424866 527073
390801 466271
418525 375412
296282 375412
452543 155270
238514 515304
467155 374343
108797 374343
115655 46166
84710 46166
17653 46166
513114 516539
37199 516539
161586 45106
159674 45106
267036 24625
271131 459259
159674 467951
91338 467951
201000 335689
345609 335689
490276 335689
321900 335689
459790 177975
269830 177975
58049 177975
278336 177975
424652 177975
437845 177975
467465 177975
84677 177975
526002 177975
296593 159979
460983 159979
239251 213826
111255 213826
542314 213826
541406 213826
538249 213826
30901 213826
42374 213826
155281 203138
50185 340320
186275 340320
386749 340320
535601 324957
38676 324957
540409 539257
539854 539257
419575 539257
340252 539257
486372 360539
21656 360539
66540 360539
370345 360539
149060 360539
466271 390801
22415 390801
49154 256692
194371 150704
347517 474069
498713 474069
141736 474069
420860 344598
422879 344598
107899 344598
260365 344598
161498 221095
171872 221095
541047 539263
381245 406245
340967 381490
108811 461322
461324 461322
258074 461322
497667 461322
461322 461324
534647 236941
278336 322457
313436 282809
86408 123544
182465 538766
478890 538766
541404 538766
502596 454037
144889 502144
337593 541914
12274 541914
326691 541914
1299 541914
136432 541914
529269 541914
262229 541914
218970 541914
110480 297366
539573 7452
404167 248690
515304 238514
510545 540248
92686 540248
330960 540248
150987 540248
361567 542543
204658 542543
54055 542543
162297 542543
542590 542543
458804 542450
393789 542450
243009 542450
75554 542450
9528 9544
9544 9528
354417 439172
173746 439172
478847 439172
205003 439172
402456 439172
169910 439172
103633 439172
439175 439172
383921 439172
448920 439172
31758 439172
354417 103633
461748 103633
412761 103633
470931 103633
402456 103633
169910 103633
439172 103633
439175 103633
383921 103633
448920 103633
396705 103633
189594 103633
398111 103633
420376 103633
290620 103633
402724 103633
18070 103633
151548 103633
96898 103633
354417 439175
173746 439175
461748 439175
439172 439175
103633 439175
383921 439175
448920 439175
518937 82459
78386 82459
126849 539854
42420 539854
542392 539854
215845 491300
484131 491300
45106 161586
155270 452543
333341 542075
178396 542075
273273 542075
539604 542075
25224 542075
346851 542075
465290 542075
430741 250598
430780 250598
528742 250598
219716 250598
250597 250598
184815 250598
430741 250597
430780 250597
219716 250597
250598 250597
153944 250597
184815 250597
90142 368639
222329 368639
368639 90142
222329 90142
368639 222329
90142 222329
343916 256895
162082 256895
103352 256895
540367 256895
539512 540823
108802 258074
296104 258074
461322 258074
13773 258074
437845 258074
497667 258074
49696 407472
86559 265933
296593 265933
365637 265933
319311 541902
463542 541902
96529 541902
178396 541902
273273 541902
96093 541902
495312 80919
493770 80919
49973 191012
173746 189594
412761 189594
470931 189594
205003 189594
169910 189594
103633 189594
448920 189594
396705 189594
398111 189594
420376 189594
290620 189594
402724 189594
18070 189594
151548 189594
169797 164844
279062 164844
478890 164844
538766 164844
527136 164844
541404 164844
29916 164844
340372 164844
49936 164844
78732 164844
248104 164844
540153 164912
415763 164912
538436 164912
342927 164912
540489 164912
233049 164912
418509 541404
372908 541404
485290 541404
188833 541404
538766 541404
540340 541404
164844 541404
340372 541404
101049 541404
180806 539299
38536 445371
539512 445371
238936 540975
106594 540975
513689 421824
189594 421824
96898 421824
129071 421824
369089 421845
344318 421845
344320 421845
240393 421845
159486 421845
99036 398152
231000 398152
39355 398152
209776 398152
540153 539964
540230 539964
542414 539964
538436 539964
181008 539964
17498 540491
354417 398111
173746 398111
461748 398111
478847 398111
470931 398111
205003 398111
169910 398111
439172 398111
103633 398111
383921 398111
189594 398111
18070 398111
96898 398111
56077 540489
538683 540489
539371 54048
541281 54049
178396 54049
273273 54049
541902 54049
361567 54055
393789 54055
350432 54055
542543 54055
243009 54055
542523 54055
542590 54055
88413 54065
127374 261805
285718 524927
523331 524927
505123 524927
539291 538332
305161 538580
108016 538580
515338 411870
534356 411870
37534 411870
201386 3987
420860 260365
328560 260365
422879 260365
107899 260365
110487 260365
344598 260365
540409 419575
52374 419575
539257 419575
107238 419575
475334 419575
340252 419575
315691 536695
141141 539966
371175 539966
340863 539966
116315 349965
276647 349965
340009 383554
170212 199512
123049 457756
296104 457756
138497 353434
49154 144984
337593 198466
12274 198466
423769 198466
1299 198466
136432 198466
323348 136388
323393 136388
344370 136388
77584 136388
126780 136388
415283 136388
454666 136388
183425 183424
343364 250884
542161 250884
73437 95554
49832 95554
181008 95554
57785 95554
175830 95554
542519 95518
20 95518
294109 95518
333063 95518
214427 95518
364269 95518
539689 95518
541890 95518
538821 95518
239251 67321
42374 67321
524919 365740
524927 365740
329947 365740
77455 365740
79882 365740
239322 538769
203138 155281
366407 366411
231238 366411
490079 366411
484131 366411
366411 366407
231238 366407
490079 366407
258074 13773
81874 13773
185693 13773
366411 231238
366407 231238
269830 424652
180493 424652
115655 84710
46166 84710
17653 84710
386749 457879
155605 154947
13773 81874
541064 180806
326691 180806
539299 180806
218970 180806
116030 539872
178718 539872
122630 365845
315468 317209
390379 317209
513114 269372
184066 184065
184065 184066
306718 60996
69332 69336
62716 69336
38273 69336
69336 69332
38273 69332
293052 396834
442858 396834
360108 45157
497521 363443
69336 62716
69332 62716
38273 62716
69336 38273
69332 38273
155970 138035
11681 504765
76311 409122
462885 346186
65079 346186
264609 346186
391613 49936
418509 49936
164844 49936
29916 49936
78732 49936
248104 49936
538580 305161
392105 117676
284909 117676
343364 243066
250884 243066
205958 481284
205958 45218
21508 45218
78848 67371
141435 67371
358476 6797
124963 6797
124957 6797
223123 6797
168400 6797
529112 380206
311922 513035
432161 53841
201003 53841
5713 53841
511152 53841
526002 53841
267036 392105
24625 392105
117676 392105
207927 392105
531016 499351
65345 539957
461137 539957
101989 1533
101990 1533
44792 1533
418509 78732
270945 78732
517203 78732
164844 78732
49936 78732
480637 80606
33817 80606
318992 318989
318993 318989
164312 223760
80606 33817
27008 233049
430953 233049
140534 233049
164912 233049
43746 233049
82836 233049
182411 233049
48611 233049
101036 305265
479131 305265
475628 82107
127789 82107
144905 144904
447189 516364
81397 516364
432134 516364
267500 485086
159979 460983
385358 43746
140534 43746
504765 475334
186355 345609
335689 345609
495921 345609
522574 377872
448526 377872
539147 281278
59560 281278
114312 257217
373610 290620
396705 290620
420376 290620
402724 290620
478634 290620
409122 76311
412761 402724
290620 402724
478634 402724
516539 513114
269372 513114
37199 513114
199274 214204
324957 38676
539367 82836
233049 82836
182411 82836
116802 182411
233049 182411
82836 182411
532372 182411
516279 182411
297722 532372
48611 532372
247909 329947
365740 329947
77455 329947
79882 329947
509635 163925
224142 60289
130832 130838
95755 130838
130838 130832
95755 130832
421005 471372
38361 91008
274142 73768
201516 243009
111591 243009
519551 243009
54055 243009
162297 243009
542460 243009
108805 379328
194187 379328
185693 379328
194371 379328
412761 534356
396705 534356
411872 534356
411870 534356
420376 534356
290620 534356
402724 534356
37534 534356
478634 534356
377381 280492
542519 539689
20 539689
294109 539689
95518 539689
541890 539689
538821 539689
54048 539371
189594 18070
398111 18070
448239 18070
151548 18070
96898 18070
83 170999
421845 369089
344318 369089
344320 369089
240393 369089
159486 369089
541266 541963
96783 541963
421845 344320
369089 344320
240393 344320
159486 344320
69584 368178
265162 368178
370487 368178
421005 170042
56835 539291
186500 539291
538332 539291
538329 539291
369089 240393
344318 240393
344320 240393
159486 240393
313583 240681
368639 240681
90142 240681
222329 240681
499351 240681
293052 240681
22415 240681
486390 240681
410633 240681
466783 240681
480832 69492
516539 37199
513114 37199
210313 538676
538923 538676
165278 448239
381095 448239
470931 448239
6683 448239
18070 448239
375412 418525
145322 418525
38503 135349
361567 162297
271094 162297
204658 162297
393789 162297
539734 162297
350432 162297
542543 162297
54055 162297
243009 162297
542523 162297
542590 162297
393789 542523
350432 542523
542543 542523
54055 542523
243009 542523
162297 542523
332370 193487
6797 124957
168400 124957
445371 38536
539512 38536
108805 194187
150704 194187
379328 194187
464632 194187
185693 194187
194371 194187
513035 311922
73122 311922
77212 311922
540409 340252
52374 340252
539257 340252
419575 340252
346851 340252
70526 538249
139837 538249
542314 538249
213826 538249
541266 96783
541963 96783
332370 96737
539957 96737
418525 145322
464344 19944
84175 490276
201000 490276
335689 490276
20 541890
294109 541890
95518 541890
355198 540933
540752 540933
136938 164740
313852 164740
524919 285718
524927 285718
523331 285718
323348 464632
344370 464632
108805 464632
49696 464632
150704 464632
167012 464632
379328 464632
194187 464632
194371 464632
296868 464632
6797 223123
73122 223123
124957 223123
105640 223123
168400 223123
371175 542398
199512 170212
380206 170212
338680 539088
150987 539088
51791 539088
540248 539088
135349 539088
123544 86408
163213 269173
485086 267500
164312 4666
280775 44421
532372 48611
261494 541371
343364 541371
445526 541371
541281 541371
475628 127789
82107 127789
267893 271889
108030 539037
540920 541770
540353 541770
183288 541770
326881 541770
458804 189249
75554 189249
370345 415251
541142 218087
64449 218087
469209 218087
491413 218087
222073 218087
208418 218087
184856 218087
203409 218087
392787 206494
4589 206494
541142 184856
64449 184856
79160 184856
373368 184856
218087 184856
337593 136432
12274 136432
381095 136432
541914 136432
198466 136432
423769 136432
237892 69584
256895 540367
538621 542357
344141 321900
335689 321900
80919 495312
408652 347783
396834 293052
442858 293052
486390 293052
416698 58251
86559 40960
493331 40960
523886 40960
120471 40960
271131 40960
436173 537101
88897 542460
60525 506278
444406 464243
376005 464243
481199 112212
363361 112212
440587 112212
481199 440587
3870 112270
342555 112270
112222 112270
304412 112270
488521 405633
405633 488521
37234 471806
7578 496332
507317 164312
223760 164312
4666 164312
530075 456008
231735 530075
373036 530075
456008 530075
523886 120471
40960 120471
190050 101049
440768 101049
75527 101049
135011 101049
538785 540353
539037 540353
541770 540353
539512 540353
183288 540353
88319 14718
267498 14718
540340 282610
183288 282610
142262 486687
390379 486687
369910 424866
126780 424866
49696 424866
527073 424866
161586 424866
345609 424866
45623 424866
495921 424866
371175 258660
539570 258660
44889 98978
77310 228668
434910 228668
115080 228668
445371 539512
38536 539512
75897 500875
172950 500875
493954 500875
28463 28464
28474 28464
248619 28464
214456 28464
44013 28464
227374 28464
539183 28464
28464 28463
125932 28463
44013 28463
227374 28463
471164 28474
28464 28474
28463 28474
125932 28474
248619 28474
19987 28474
214456 28474
44013 28474
227374 28474
539528 28474
539183 28474
311922 77212
280582 185688
269173 185688
13773 185693
466271 22415
390801 22415
37876 159674
45106 159674
72100 72097
142262 72097
486687 72100
72097 72100
142262 72100
193617 542187
111461 7578
496332 7578
397491 507625
44421 280775
242523 287256
340967 105918
95847 105918
381490 105918
117676 284909
247909 77455
365740 77455
329947 77455
79882 77455
271094 542590
350432 542590
542543 542590
54055 542590
541770 183288
282610 183288
538676 538923
79160 203409
222073 203409
218087 203409
542357 538621
445090 45623
369910 45623
3471 45623
62289 45623
77584 45623
527073 45623
131957 45623
424866 45623
527136 209632
248104 209632
269830 467465
58049 467465
177975 467465
153944 467465
526002 467465
495921 467465
154947 155605
380546 155605
440489 84677
322422 84677
163925 509635
353434 138497
13777 203839
257217 152785
248690 516940
261810 516940
261805 516940
439789 516940
542519 538821
294109 538821
95518 538821
540340 539397
183288 539397
524919 523331
524927 523331
285718 523331
269173 173655
531016 173655
163213 173655
7556 173655
521158 173655
484131 389762
500875 75897
172950 75897
493954 75897
297722 540821
99036 540821
336044 540821
540340 540821
231000 540821
182411 540821
48611 540821
282610 540821
539397 540821
58850 540821
108016 540821
108030 540821
267854 540821
228668 77310
434910 77310
115080 77310
228668 434910
77310 434910
115080 434910
445090 198427
526002 198427
49936 248104
209632 248104
49696 194371
150704 194371
379328 194371
194187 194371
464632 194371
40960 194371
296868 194371
499351 531016
443158 105640
124963 105640
223123 105640
296593 199159
273353 199159
265933 199159
365637 199159
115655 17653
46166 17653
84710 17653
53841 511152
406527 209776
326691 209776
398152 209776
409122 209776
76311 209776
218970 209776
266316 539746
328263 379650
328268 379650
259393 379650
328263 259393
328268 259393
379650 259393
515338 37534
534356 37534
129071 37534
527136 135907
511590 174218
396834 442858
70526 42374
542314 42374
213826 42374
67321 42374
192635 486390
240681 486390
293052 486390
136701 421411
267854 58850
6797 168400
124957 168400
28464 44013
28463 44013
125932 44013
445090 526002
58049 526002
177975 526002
53841 526002
437845 526002
467465 526002
198427 526002
495921 526002
175934 287128
45218 21508
19944 464344
130838 95755
130832 95755
271131 296868
347783 408652
161873 59555
413017 59555
539147 59560
160499 59560
141133 59560
480022 59560
281278 59560
507625 397491
142272 503649
344381 386749
71864 386749
340320 386749
457879 386749
361047 386749
28027 386749
345609 495921
491300 484131
389762 484131
503649 142272
390055 142262
486687 142262
72097 142262
72100 142262
467951 91338
159674 91338
188843 210141
353434 210141
305161 210141
138497 210141
265933 365637
199159 365637
523886 271131
45106 271131
459259 271131
40960 271131
296868 271131
274142 538683
540489 538683
73768 538683
57785 538683
175830 538683
471372 421005
170042 421005
532399 421005
511406 288768
201979 288768
28474 539528
248619 539528
128602 241213
135171 241213
464656 241217
538613 241217
510961 241217
7452 539573
539854 542392
56835 108016
186500 108016
538580 108016
108030 108016
539037 108030
347517 141736
363396 141736
156591 141736
474069 141736
306718 141739
60996 141739
108811 497667
461322 497667
461324 497667
258074 497667
13773 497667
6469 497667
471164 539183
28464 539183
28463 539183
28474 539183
125932 539183
19987 539183
44013 539183
227374 539183
539528 539183
95554 175830
541452 175830
480637 406923
80606 406923
33817 406923
386749 28027
412761 478634
396705 478634
420376 478634
290620 478634
402724 478634
515338 478634
534356 478634
37534 478634
370484 447759
458804 75554
446037 75554
542450 75554
189249 75554
500875 172950
75897 172950
493954 172950
155605 380546
135349 38503
507290 178718
480146 178718
116030 178718
539872 178718
170181 445013
15209 267854
539037 267854
282610 267854
539397 267854
540821 267854
58850 267854
108030 267854
240681 466783
445829 466783
486390 466783
375412 296282
306171 296281
380206 521158
288768 521158
529112 521158
400517 88319
14718 88319
267498 88319
317209 390379
486687 390379
182665 184815
219716 184815
250598 184815
250597 184815
153944 184815
213764 127374
261810 127374
261805 127374
380206 529112
288768 529112
521158 529112
262852 541058
534553 541058
75807 541058
228668 115080
77310 115080
434910 115080
511406 115080
287256 242523
218619 542223
144047 542223
234156 542223
220782 542223
439072 542223
35063 542223
56077 542223
462332 542223
277121 542223
495640 542223
423236 542223
538683 542223
541452 542223
247909 79882
365740 79882
329947 79882
77455 79882
14718 267498
163213 267498
88319 267498
313760 113827
440489 6469
497667 6469
257217 114312
152785 114312
404167 163235
258660 539570
368178 370487
447759 370484
462885 264609
65079 264609
346186 264609
240704 201522
539573 201522
500875 493954
75897 493954
172950 493954
