415305 112822
297722 116802
182411 116802
539734 273044
267500 273044
539367 538785
538546 538785
540230 540153
539964 540153
516279 540153
540153 540230
542414 540230
539964 540230
171675 541064
538785 539367
415305 539367
447339 539367
82836 539367
48611 539367
73768 274142
95554 73437
540153 542414
540230 542414
73437 542414
539964 542414
95554 542414
75527 426430
312068 128602
135171 128602
241213 128602
381095 12274
541914 12274
198466 12274
423769 12274
1299 12274
136432 12274
529269 12274
262229 12274
312068 135171
128602 135171
241213 135171
273044 540409
111494 540409
52374 540409
539257 540409
539854 540409
419575 540409
340252 540409
485290 185121
111591 201516
63986 201516
150174 201516
420056 77548
201516 111591
440768 190050
75527 190050
55147 190050
190050 440768
75527 440768
55147 440768
190050 75527
440768 75527
92686 510545
510545 92686
313436 462332
11731 420056
287328 55147
77548 433974
233148 433974
510545 330960
92686 330960
150174 330960
345354 381095
454037 381095
273044 539734
111494 539734
233148 539734
398931 96529
463542 96529
485290 96529
178396 96529
273273 96529
541902 96529
135011 96529
113827 96529
372908 538640
188833 538640
139989 538640
128602 541281
541371 541281
510545 150987
338680 150987
370635 150987
330960 150987
541281 150987
51791 150987
540248 150987
243066 150987
539088 150987
265550 150987
480146 116030
539872 116030
178718 116030
327275 188833
372908 188833
538640 188833
239251 542314
70526 542314
111255 542314
139837 542314
541406 542314
213826 542314
538249 542314
529269 542314
262229 542314
42374 542314
139837 541406
333341 273273
247731 273273
319311 273273
96529 273273
274842 273273
480014 273273
542075 273273
541902 273273
54049 273273
25224 273273
96093 273273
465290 273273
135011 273273
415305 51791
370635 51791
539088 51791
12325 139989
327275 139989
538640 139989
160009 139989
323246 139989
538332 186500
539291 186500
108016 186500
333341 539604
247731 539604
148772 539604
62957 539604
480146 539604
182465 539604
274842 539604
542075 539604
54049 539604
539872 539604
101049 539604
27008 140534
43746 140534
210141 188843
541064 171675
239251 213826
111255 213826
542314 213826
541406 213826
538249 213826
30901 213826
42374 213826
540409 539257
539854 539257
419575 539257
340252 539257
313436 282809
182465 538766
478890 538766
541404 538766
502596 454037
337593 541914
12274 541914
326691 541914
1299 541914
136432 541914
529269 541914
262229 541914
218970 541914
510545 540248
92686 540248
330960 540248
150987 540248
361567 542543
204658 542543
54055 542543
162297 542543
542590 542543
458804 542450
393789 542450
243009 542450
75554 542450
354417 439172
173746 439172
478847 439172
205003 439172
402456 439172
169910 439172
103633 439172
439175 439172
383921 439172
448920 439172
31758 439172
354417 103633
461748 103633
412761 103633
470931 103633
402456 103633
169910 103633
439172 103633
439175 103633
383921 103633
448920 103633
396705 103633
189594 103633
398111 103633
420376 103633
290620 103633
402724 103633
18070 103633
151548 103633
96898 103633
354417 439175
173746 439175
461748 439175
439172 439175
103633 439175
383921 439175
448920 439175
126849 539854
42420 539854
542392 539854
333341 542075
178396 542075
273273 542075
539604 542075
25224 542075
346851 542075
465290 542075
539512 540823
319311 541902
463542 541902
96529 541902
178396 541902
273273 541902
96093 541902
173746 189594
412761 189594
470931 189594
205003 189594
169910 189594
103633 189594
448920 189594
396705 189594
398111 189594
420376 189594
290620 189594
402724 189594
18070 189594
151548 189594
169797 164844
279062 164844
478890 164844
538766 164844
527136 164844
541404 164844
29916 164844
340372 164844
49936 164844
78732 164844
248104 164844
540153 164912
415763 164912
538436 164912
342927 164912
540489 164912
233049 164912
418509 541404
372908 541404
485290 541404
188833 541404
538766 541404
540340 541404
164844 541404
340372 541404
101049 541404
180806 539299
38536 445371
539512 445371
513689 421824
189594 421824
96898 421824
129071 421824
99036 398152
231000 398152
39355 398152
209776 398152
540153 539964
540230 539964
542414 539964
538436 539964
181008 539964
354417 398111
173746 398111
461748 398111
478847 398111
470931 398111
205003 398111
169910 398111
439172 398111
103633 398111
383921 398111
189594 398111
18070 398111
96898 398111
56077 540489
538683 540489
541281 54049
178396 54049
273273 54049
541902 54049
361567 54055
393789 54055
350432 54055
542543 54055
243009 54055
542523 54055
542590 54055
539291 538332
305161 538580
108016 538580
515338 411870
534356 411870
37534 411870
540409 419575
52374 419575
539257 419575
107238 419575
475334 419575
340252 419575
138497 353434
337593 198466
12274 198466
423769 198466
1299 198466
136432 198466
343364 250884
542161 250884
73437 95554
49832 95554
181008 95554
57785 95554
175830 95554
239251 67321
42374 67321
541064 180806
326691 180806
539299 180806
218970 180806
116030 539872
178718 539872
11681 504765
76311 409122
391613 49936
418509 49936
164844 49936
29916 49936
78732 49936
248104 49936
538580 305161
343364 243066
250884 243066
418509 78732
270945 78732
517203 78732
164844 78732
49936 78732
27008 233049
430953 233049
140534 233049
164912 233049
43746 233049
82836 233049
182411 233049
48611 233049
267500 485086
385358 43746
140534 43746
504765 475334
373610 290620
396705 290620
420376 290620
402724 290620
478634 290620
409122 76311
412761 402724
290620 402724
478634 402724
539367 82836
233049 82836
182411 82836
116802 182411
233049 182411
82836 182411
532372 182411
516279 182411
297722 532372
48611 532372
274142 73768
201516 243009
111591 243009
519551 243009
54055 243009
162297 243009
542460 243009
412761 534356
396705 534356
411872 534356
411870 534356
420376 534356
290620 534356
402724 534356
37534 534356
478634 534356
189594 18070
398111 18070
448239 18070
151548 18070
96898 18070
56835 539291
186500 539291
538332 539291
538329 539291
165278 448239
381095 448239
470931 448239
6683 448239
18070 448239
38503 135349
361567 162297
271094 162297
204658 162297
393789 162297
539734 162297
350432 162297
542543 162297
54055 162297
243009 162297
542523 162297
542590 162297
393789 542523
350432 542523
542543 542523
54055 542523
243009 542523
162297 542523
445371 38536
539512 38536
540409 340252
52374 340252
539257 340252
419575 340252
346851 340252
70526 538249
139837 538249
542314 538249
213826 538249
338680 539088
150987 539088
51791 539088
540248 539088
135349 539088
485086 267500
532372 48611
261494 541371
343364 541371
445526 541371
541281 541371
108030 539037
540920 541770
540353 541770
183288 541770
326881 541770
458804 189249
75554 189249
337593 136432
12274 136432
381095 136432
541914 136432
198466 136432
423769 136432
88897 542460
190050 101049
440768 101049
75527 101049
135011 101049
538785 540353
539037 540353
541770 540353
539512 540353
183288 540353
540340 282610
183288 282610
445371 539512
38536 539512
271094 542590
350432 542590
542543 542590
54055 542590
541770 183288
282610 183288
527136 209632
248104 209632
353434 138497
540340 539397
183288 539397
297722 540821
99036 540821
336044 540821
540340 540821
231000 540821
182411 540821
48611 540821
282610 540821
539397 540821
58850 540821
108016 540821
108030 540821
267854 540821
49936 248104
209632 248104
406527 209776
326691 209776
398152 209776
409122 209776
76311 209776
218970 209776
515338 37534
534356 37534
129071 37534
527136 135907
70526 42374
542314 42374
213826 42374
67321 42374
267854 58850
188843 210141
353434 210141
305161 210141
138497 210141
274142 538683
540489 538683
73768 538683
57785 538683
175830 538683
128602 241213
135171 241213
539854 542392
56835 108016
186500 108016
538580 108016
108030 108016
539037 108030
95554 175830
541452 175830
412761 478634
396705 478634
420376 478634
290620 478634
402724 478634
515338 478634
534356 478634
37534 478634
458804 75554
446037 75554
542450 75554
189249 75554
135349 38503
507290 178718
480146 178718
116030 178718
539872 178718
15209 267854
539037 267854
282610 267854
539397 267854
540821 267854
58850 267854
108030 267854
218619 542223
144047 542223
234156 542223
220782 542223
439072 542223
35063 542223
56077 542223
462332 542223
277121 542223
495640 542223
423236 542223
538683 542223
541452 542223
313760 113827
